0.000000e+00
1.037359e-01
2.073381e-01
3.110752e-01
4.146917e-01
5.184302e-01
6.220448e-01
7.257977e-01
8.294199e-01
9.331467e-01
1.036910e+00
1.140497e+00
1.244242e+00
1.347979e+00
1.451596e+00
1.555212e+00
1.658960e+00
1.762569e+00
1.866302e+00
1.969923e+00
2.073666e+00
2.177281e+00
2.281017e+00
2.384639e+00
2.488250e+00
2.591988e+00
2.695832e+00
2.799367e+00
2.903084e+00
3.006768e+00
3.110441e+00
3.214057e+00
3.317669e+00
3.421285e+00
3.524925e+00
3.628545e+00
3.732256e+00
3.835871e+00
3.939488e+00
4.043107e+00
4.146888e+00
4.250460e+00
4.354202e+00
4.457940e+00
4.561559e+00
4.665293e+00
4.768912e+00
4.872532e+00
4.976146e+00
5.079909e+00
5.183503e+00
5.287117e+00
5.390861e+00
5.494473e+00
5.598233e+00
5.701829e+00
5.805571e+00
5.909185e+00
6.012921e+00
6.116541e+00
6.220278e+00
6.323895e+00
6.427659e+00
6.531383e+00
6.634992e+00
6.738741e+00
6.842350e+00
6.945963e+00
7.049705e+00
7.153323e+00
7.256934e+00
7.360549e+00
7.464167e+00
7.567786e+00
7.671396e+00
7.775144e+00
7.878754e+00
7.982493e+00
8.086111e+00
8.189849e+00
8.293470e+00
8.397102e+00
8.500847e+00
8.604438e+00
8.708175e+00
8.811795e+00
8.915403e+00
9.019162e+00
9.122890e+00
9.226512e+00
9.330247e+00
9.433986e+00
9.537749e+00
9.641587e+00
9.745342e+00
9.849229e+00
9.953059e+00
1.005693e+01
1.016083e+01
1.026466e+01
1.036867e+01
1.047264e+01
1.057663e+01
1.068062e+01
1.078461e+01
1.088875e+01
1.099272e+01
1.109659e+01
1.120057e+01
1.130431e+01
1.140818e+01
1.151192e+01
1.161553e+01
1.171927e+01
1.182277e+01
1.192638e+01
1.203000e+01
1.213361e+01
1.223710e+01
1.234060e+01
1.244411e+01
1.254767e+01
1.265107e+01
1.275469e+01
1.285806e+01
1.296167e+01
1.306520e+01
1.316877e+01
1.327235e+01
1.337588e+01
1.347950e+01
1.358311e+01
1.368672e+01
1.379034e+01
1.389395e+01
1.399767e+01
1.410130e+01
1.420492e+01
1.430854e+01
1.441227e+01
1.451589e+01
1.461968e+01
1.472326e+01
1.482686e+01
1.493048e+01
1.503410e+01
1.513784e+01
1.524145e+01
1.534508e+01
1.544881e+01
1.555255e+01
1.565617e+01
1.575990e+01
1.586364e+01
1.596739e+01
1.607102e+01
1.617474e+01
1.627845e+01
1.638209e+01
1.648571e+01
1.658933e+01
1.669309e+01
1.679668e+01
1.690043e+01
1.700419e+01
1.710790e+01
1.721165e+01
1.731539e+01
1.741915e+01
1.752287e+01
1.762648e+01
1.773022e+01
1.783384e+01
1.793746e+01
1.804120e+01
1.814482e+01
1.824855e+01
1.835217e+01
1.845593e+01
1.855957e+01
1.866326e+01
1.876688e+01
1.887049e+01
1.897411e+01
1.907772e+01
1.918141e+01
1.928502e+01
1.938868e+01
1.949224e+01
1.959580e+01
1.969941e+01
1.980291e+01
1.990652e+01
2.001002e+01
2.011350e+01
2.021714e+01
2.032061e+01
2.042410e+01
2.052747e+01
2.063096e+01
2.073444e+01
2.083796e+01
2.094151e+01
2.104502e+01
2.114837e+01
2.125190e+01
2.135544e+01
2.145900e+01
2.156272e+01
2.166636e+01
2.177010e+01
2.187395e+01
2.197771e+01
2.208144e+01
2.218531e+01
2.228917e+01
2.239317e+01
2.249716e+01
2.260129e+01
2.270551e+01
2.280964e+01
2.291366e+01
2.301761e+01
2.312172e+01
2.322571e+01
2.332970e+01
2.343360e+01
2.353756e+01
2.364143e+01
2.374519e+01
2.384899e+01
2.395265e+01
2.405642e+01
2.416001e+01
2.426396e+01
2.436727e+01
2.447100e+01
2.457456e+01
2.467810e+01
2.478183e+01
2.488547e+01
2.498913e+01
2.509267e+01
2.519632e+01
2.529990e+01
2.540364e+01
2.550725e+01
2.561088e+01
2.571463e+01
2.581822e+01
2.592198e+01
2.602568e+01
2.612923e+01
2.623299e+01
2.633655e+01
2.644034e+01
2.654405e+01
2.664767e+01
2.675126e+01
2.685488e+01
2.695850e+01
2.706223e+01
2.716587e+01
2.726947e+01
2.737323e+01
2.747687e+01
2.758044e+01
2.768407e+01
2.778770e+01
2.789128e+01
2.799510e+01
2.809865e+01
2.820228e+01
2.830587e+01
2.840963e+01
2.851323e+01
2.861684e+01
2.872228e+01
2.882422e+01
2.892794e+01
2.903156e+01
2.913530e+01
2.923891e+01
2.934253e+01
2.944614e+01
2.954976e+01
2.965342e+01
2.975712e+01
2.986088e+01
2.996462e+01
3.006821e+01
3.017200e+01
3.027570e+01
3.037931e+01
3.048305e+01
3.058667e+01
3.069040e+01
3.079405e+01
3.089764e+01
3.100138e+01
3.110501e+01
3.120861e+01
3.131235e+01
3.141620e+01
3.152006e+01
3.162342e+01
3.172694e+01
3.183069e+01
3.193430e+01
3.203804e+01
3.214165e+01
3.224526e+01
3.234888e+01
3.245266e+01
3.255624e+01
3.265998e+01
3.276373e+01
3.286747e+01
3.297120e+01
3.307483e+01
3.317856e+01
3.328231e+01
3.338603e+01
3.348978e+01
3.359356e+01
3.369713e+01
3.380087e+01
3.390461e+01
3.400835e+01
3.411209e+01
3.421584e+01
3.431957e+01
3.442334e+01
3.452694e+01
3.463067e+01
3.473430e+01
3.483790e+01
3.494152e+01
3.504526e+01
3.514887e+01
3.525251e+01
3.535623e+01
3.545985e+01
3.556362e+01
3.566720e+01
3.577094e+01
3.587468e+01
3.597830e+01
3.608208e+01
3.618578e+01
3.628950e+01
3.639322e+01
3.649688e+01
3.660049e+01
3.670436e+01
3.680799e+01
3.691177e+01
3.701548e+01
3.711906e+01
3.722281e+01
3.732643e+01
3.743016e+01
3.753378e+01
3.763739e+01
3.774103e+01
3.784475e+01
3.794836e+01
3.805231e+01
3.815572e+01
3.825967e+01
3.836294e+01
3.846657e+01
3.857023e+01
3.867381e+01
3.877746e+01
3.888106e+01
3.898472e+01
3.908830e+01
3.919202e+01
3.929572e+01
3.939932e+01
3.950298e+01
3.960673e+01
3.971039e+01
3.981416e+01
3.991781e+01
4.002144e+01
4.012518e+01
4.022896e+01
4.033256e+01
4.043627e+01
4.054000e+01
4.064362e+01
4.074735e+01
4.085098e+01
4.095472e+01
4.105845e+01
4.116209e+01
4.126581e+01
4.137036e+01
4.147327e+01
4.157679e+01
4.168052e+01
4.178426e+01
4.188768e+01
4.199140e+01
4.209480e+01
4.219826e+01
4.230184e+01
4.240533e+01
4.250885e+01
4.261235e+01
4.271582e+01
4.281932e+01
4.292265e+01
4.302619e+01
4.312965e+01
4.323303e+01
4.333652e+01
4.344005e+01
4.354350e+01
4.364715e+01
4.375071e+01
4.385435e+01
4.395796e+01
4.406168e+01
4.416542e+01
4.426891e+01
4.437274e+01
4.447627e+01
4.458003e+01
4.468375e+01
4.478749e+01
4.489136e+01
4.499509e+01
4.509896e+01
4.520336e+01
4.530693e+01
4.541068e+01
4.551485e+01
4.561856e+01
4.572254e+01
4.582651e+01
4.593051e+01
4.603457e+01
4.613842e+01
4.624242e+01
4.634635e+01
4.645021e+01
4.655410e+01
4.665781e+01
4.676168e+01
4.686542e+01
4.696918e+01
4.707290e+01
4.717665e+01
4.728039e+01
4.738412e+01
4.748774e+01
4.759151e+01
4.769509e+01
4.779871e+01
4.790233e+01
4.800607e+01
4.810968e+01
4.821388e+01
4.831691e+01
4.842053e+01
4.852414e+01
4.862778e+01
4.873140e+01
4.883536e+01
4.893873e+01
4.904259e+01
4.914609e+01
4.924983e+01
4.935385e+01
4.945761e+01
4.956095e+01
4.966469e+01
4.976834e+01
4.987203e+01
4.997576e+01
5.007937e+01
5.018313e+01
5.028673e+01
5.039036e+01
5.049410e+01
5.059770e+01
5.070131e+01
5.080505e+01
5.090867e+01
5.101241e+01
5.111603e+01
5.121964e+01
5.132338e+01
5.142712e+01
5.153076e+01
5.163435e+01
5.173810e+01
